476  745
476  739  
477  737  
475  736  
474  733  
474  730  
473  729  
473  726  
467  722  
466  730  
464  731  
467  734  
466  739  
464  736  
461  729  
458  732  
456  730  
454  727  
454  720  
455  721  
457  724  
458  725  
458  723  
457  721  
457  718  
455  713  
454  712  
452  711  
451  712  
451  717  
452  722  
452  726  
453  728  
457  735  
457  736  
456  736  
453  734  
453  737  
450  736  
449  736  
447  738  
447  732  
448  729  
448  728  
446  728  
444  729  
443  726  
444  724  
444  723  
440  723  
438  721  
437  719  
437  717  
435  713  
435  710  
437  709  
437  708  
436  707  
433  706  
432  706  
430  710  
429  710  
424  709  
424  710  
425  711  
422  711  
421  705  
422  701  
422  699  
421  699  
418  703  
414  707  
413  707  
413  706  
414  705  
413  703  
411  701  
408  701  
406  700  
406  695  
409  692  
409  691  
406  692  
404  692  
402  688  
399  685  
399  688  
400  689  
401  692  
401  694  
397  694  
397  692  
396  690  
395  690  
395  691  
396  700  
397  700  
396  701  
392  700  
391  699  
389  696  
389  695  
391  694  
391  693  
390  693  
390  690  
391  689  
393  688  
394  685  
395  683  
394  683  
391  684  
391  687  
389  688  
386  693  
384  692  
384  691  
385  689  
388  687  
389  686  
386  686  
385  685  
384  685  
383  684  
382  688  
381  690  
380  690  
380  689  
379  687  
379  681  
377  681  
375  680  
373  678  
372  675  
374  675  
376  673  
373  672  
375  670  
375  669  
371  671  
370  670  
373  668  
373  667  
371  667  
370  668  
368  668  
368  667  
364  667  
362  666  
362  664  
361  662  
363  662  
365  663  
366  663  
368  662  
370  663  
372  663  
376  659  
372  659  
372  658  
369  658  
370  655  
370  654  
369  653  
367  658  
364  657  
363  657  
363  658  
361  659  
359  658  
361  656  
363  652  
361  652  
361  651  
362  650  
362  649  
359  649  
359  646  
358  645  
357  645  
359  642  
359  641  
355  644  
355  646  
354  649  
354  652  
353  653  
353  652  
351  650  
353  648  
353  647  
352  645  
351  645  
350  646  
348  645  
346  647  
346  646  
348  642  
351  639  
351  638  
346  638  
346  637  
347  634  
350  635  
351  635  
351  634  
349  633  
348  632  
348  631  
349  629  
349  628  
348  627  
347  627  
345  632  
344  632  
338  629  
337  630  
334  627  
342  627  
343  626  
345  625  
345  620  
344  620  
344  622  
342  623  
340  623  
340  621  
339  621  
338  623  
338  624  
335  624  
333  623  
332  622  
330  618  
326  617  
323  617  
324  615  
326  613  
326  612  
324  612  
325  610  
322  609  
322  608  
323  607  
321  606  
322  605  
322  604  
318  604  
318  603  
315  600  
316  599  
319  599  
322  597  
326  598  
327  598  
327  597  
323  594  
323  592  
319  592  
318  594  
316  594  
313  593  
311  593  
310  592  
313  591  
312  590  
312  588  
314  586  
314  584  
313  584  
309  588  
308  586  
308  583  
306  582  
303  579  
305  577  
307  573  
304  571  
302  573  
301  572  
301  571  
302  571  
303  570  
303  566  
305  566  
309  569  
309  568  
304  563  
302  562  
299  561  
297  561  
295  563  
294  561  
292  558  
296  559  
297  559  
296  558  
294  557  
293  556  
293  554  
291  553  
288  551  
287  550  
288  549  
291  548  
288  546  
289  545  
289  544  
286  543  
283  540  
282  540  
282  541  
283  543  
282  544  
282  545  
281  546  
278  546  
278  543  
276  543  
267  534  
267  533  
268  531  
267  530  
266  530  
262  528  
262  527  
265  526  
266  525  
262  523  
262  522  
263  521  
263  519  
265  518  
261  517  
260  518  
259  521  
258  521  
257  520  
256  520  
256  518  
252  517  
255  516  
254  515  
251  514  
249  514  
249  516  
246  517  
245  517  
246  516  
244  515  
243  514  
243  513  
244  512  
245  512  
247  511  
242  510  
242  509  
239  509  
237  508  
241  506  
242  505  
239  504  
241  501  
241  500  
240  500  
238  501  
237  502  
237  501  
238  498  
238  496  
234  500  
233  502  
232  505  
228  505  
224  506  
222  508  
220  508  
219  507  
219  506  
222  503  
227  502  
225  501  
224  500  
232  500  
233  499  
233  497  
229  499  
225  498  
225  496  
227  495  
225  494  
224  493  
223  493  
221  496  
219  497  
218  495  
217  497  
215  497  
214  499  
213  499  
212  498  
212  497  
214  494  
215  492  
215  490  
217  489  
220  488  
220  486  
216  487  
215  485  
215  484  
216  483  
216  482  
213  482  
212  483  
212  484  
213  486  
213  490  
212  492  
211  493  
210  493  
209  491  
208  492  
208  489  
209  487  
208  485  
207  484  
205  492  
202  491  
201  490  
202  488  
201  487  
204  484  
200  484  
199  485  
197  483  
196  483  
196  484  
197  485  
198  487  
198  488  
196  488  
196  486  
194  485  
190  484  
189  483  
190  483  
196  481  
204  477  
208  478  
210  476  
209  475  
207  476  
204  475  
201  476  
200  475  
198  476  
195  474  
195  475  
196  477  
196  478  
192  478  
192  480  
190  480  
187  479  
187  478  
185  476  
183  476  
184  475  
188  474  
188  471  
186  470  
188  469  
186  468  
184  468  
183  467  
187  466  
189  465  
182  463  
183  461  
183  457  
190  459  
195  459  
195  458  
198  456  
200  456  
201  459  
202  460  
203  460  
205  463  
206  463  
206  462  
204  458  
204  457  
206  456  
208  456  
211  458  
212  459  
213  461  
216  461  
216  460  
215  459  
215  455  
218  455  
218  454  
215  453  
214  451  
213  451  
211  452  
209  451  
209  446  
208  445  
207  447  
205  447  
204  446  
204  448  
206  450  
206  451  
205  452  
204  454  
203  454  
199  452  
198  451  
197  451  
196  453  
196  454  
192  456  
190  455  
186  455  
185  454  
183  454  
180  453  
180  452  
184  451  
185  450  
181  448  
183  446  
186  446  
187  445  
187  443  
186  441  
185  437  
180  437  
179  439  
178  436  
177  435  
178  432  
179  431  
180  431  
182  434  
183  435  
185  435  
183  432  
184  427  
187  430  
189  431  
190  433  
191  434  
192  436  
193  434  
197  435  
199  436  
200  435  
201  435  
203  437  
205  437  
204  435  
205  434  
205  433  
201  433  
198  430  
195  424  
194  423  
194  425  
197  432  
196  432  
192  430  
189  427  
191  426  
191  425  
188  424  
185  421  
182  420  
182  417  
183  417  
184  418  
185  417  
190  417  
189  416  
186  414  
183  413  
182  412  
180  411  
179  411  
179  412  
177  413  
176  410  
174  408  
174  411  
173  412  
172  411  
171  408  
171  407  
172  407  
173  406  
174  403  
175  405  
176  406  
177  406  
178  407  
179  407  
180  409  
181  409  
181  408  
183  407  
184  407  
186  408  
187  410  
188  411  
189  410  
189  408  
190  408  
192  407  
187  406  
186  404  
186  402  
190  400  
184  398  
182  397  
183  396  
179  394  
180  393  
181  391  
183  392  
189  392  
189  391  
183  390  
181  389  
181  388  
182  387  
182  386  
180  387  
177  390  
175  389  
174  389  
174  392  
173  391  
172  389  
171  386  
171  382  
172  380  
176  375  
177  373  
181  369  
184  368  
185  369  
186  368  
189  367  
188  366  
188  364  
190  363  
193  360  
196  359  
199  359  
200  360  
201  359  
203  359  
206  362  
208  363  
210  362  
212  363  
213  364  
217  366  
218  367  
221  369  
222  370  
223  372  
224  372  
224  374  
225  374  
225  375  
226  376  
230  376  
229  377  
230  379  
235  381  
236  382  
234  386  
235  386  
239  384  
240  381  
241  381  
242  382  
243  382  
246  385  
248  388  
250  389  
250  392  
249  393  
248  396  
248  398  
249  397  
250  398  
250  399  
248  403  
249  403  
251  401  
251  396  
253  397  
253  406  
254  407  
257  407  
257  404  
256  401  
255  400  
255  395  
254  391  
255  389  
256  385  
261  384  
261  380  
260  377  
260  363  
261  362  
260  360  
262  361  
263  358  
264  361  
265  360  
266  360  
266  359  
264  356  
266  357  
269  357  
269  353  
267  348  
266  344  
265  342  
265  341  
266  339  
266  338  
267  334  
267  328  
268  329  
269  329  
270  324  
270  323  
271  317  
272  314  
272  313  
275  309  
276  306  
277  304  
279  304  
280  301  
280  298  
279  296  
275  296  
276  294  
277  291  
277  290  
276  289  
273  290  
272  287  
271  286  
265  286  
263  284  
263  275  
262  274  
259  274  
261  278  
261  279  
259  282  
258  282  
257  281  
258  280  
260  279  
258  275  
257  275  
255  277  
254  279  
255  280  
255  282  
254  283  
254  282  
250  278  
246  278  
246  265  
248  263  
252  261  
254  261  
256  259  
256  257  
257  255  
259  254  
260  254  
260  255  
259  258  
259  259  
263  261  
266  262  
266  264  
263  267  
263  268  
264  270  
265  271  
269  273  
270  274  
271  283  
274  285  
275  283  
276  280  
279  274  
279  271  
277  269  
277  268  
278  265  
279  264  
282  263  
284  263  
288  264  
294  264  
295  263  
298  263  
300  266  
300  267  
299  271  
299  275  
300  277  
304  281  
306  282  
307  282  
308  281  
308  285  
324  285  
327  284  
329  284  
331  286  
333  292  
336  298  
337  299  
339  305  
340  310  
341  311  
340  314  
340  315  
341  318  
342  320  
343  321  
343  324  
342  326  
342  327  
343  331  
344  331  
341  335  
341  337  
345  337  
344  339  
345  341  
345  345  
346  345  
346  346  
345  350  
346  351  
344  352  
341  354  
344  354  
347  353  
348  354  
348  355  
347  357  
343  358  
342  357  
338  358  
338  359  
339  360  
343  360  
347  359  
350  359  
352  361  
352  362  
353  363  
356  363  
357  364  
358  364  
359  365  
359  366  
360  367  
361  369  
362  373  
363  375  
364  373  
365  373  
365  368  
366  368  
368  371  
373  374  
373  375  
371  378  
368  381  
368  383  
369  382  
370  383  
373  384  
374  384  
378  388  
378  389  
381  391  
380  392  
380  393  
382  395  
380  401  
379  402  
378  401  
372  411  
368  417  
367  417  
365  415  
363  417  
362  419  
359  420  
357  421  
357  422  
358  423  
358  427  
356  428  
356  429  
357  439  
356  448  
356  449  
357  451  
358  452  
357  453  
358  454  
360  454  
360  458  
363  467  
363  469  
362  471  
361  474  
362  477  
363  479  
365  477  
366  477  
368  478  
369  479  
369  482  
370  483  
370  485  
369  489  
367  492  
367  493  
368  494  
366  498  
367  498  
369  496  
371  488  
376  490  
376  491  
375  492  
375  493  
376  494  
378  495  
379  497  
381  500  
382  501  
385  501  
388  504  
389  506  
392  510  
393  510  
394  509  
395  507  
396  509  
400  513  
402  513  
403  515  
406  518  
408  518  
411  523  
412  527  
416  533  
419  536  
417  540  
414  544  
414  545  
415  546  
413  548  
413  550  
414  550  
415  552  
418  557  
419  559  
418  561  
415  564  
416  565  
419  567  
423  568  
423  571  
426  571  
422  575  
422  577  
423  576  
426  574  
427  574  
427  578  
428  578  
429  581  
431  581  
432  580  
433  580  
433  582  
434  582  
437  579  
439  579  
439  581  
453  581  
456  580  
460  577  
461  577  
463  576  
466  574  
467  573  
468  571  
469  564  
469  562  
468  561  
470  559  
471  557  
471  555  
470  551  
469  551  
466  554  
467  555  
467  557  
469  558  
466  558  
464  556  
463  554  
465  553  
461  549  
459  545  
458  542  
456  539  
455  538  
451  531  
449  527  
449  526  
448  525  
446  525  
446  522  
445  521  
443  520  
439  513  
436  513  
435  512  
433  506  
431  506  
433  503  
432  501  
430  499  
427  497  
426  498  
426  499  
425  499  
423  498  
422  497  
423  495  
423  493  
422  493  
421  492  
421  491  
419  488  
416  485  
416  482  
417  480  
417  478  
418  475  
419  473  
420  470  
420  467  
419  462  
422  456  
425  448  
425  447  
424  447  
424  446  
423  443  
423  437  
422  435  
422  433  
421  431  
421  426  
422  423  
422  421  
423  419  
424  418  
426  419  
427  419  
431  415  
432  415  
435  413  
440  413  
440  412  
438  409  
442  409  
443  410  
445  411  
446  411  
446  409  
445  407  
445  406  
447  405  
447  403  
450  403  
449  401  
448  400  
449  398  
453  402  
454  400  
456  400  
458  401  
461  403  
466  404  
469  404  
474  409  
475  409  
478  410  
479  411  
483  412  
484  414  
486  415  
487  414  
487  413  
488  413  
491  417  
494  418  
496  418  
497  419  
501  420  
504  421  
505  422  
508  423  
509  423  
511  422  
512  422  
515  423  
516  424  
522  424  
530  432  
531  431  
532  422  
531  420  
534  419  
535  418  
539  415  
541  415  
545  416  
551  416  
553  412  
556  412  
557  411  
557  408  
556  407  
554  407  
546  408  
541  408  
540  407  
540  406  
539  404  
537  402  
531  402  
530  397  
528  397  
526  399  
525  399  
525  397  
526  395  
526  393  
525  390  
523  388  
508  388  
503  390  
501  389  
499  390  
489  390  
487  389  
485  387  
482  387  
476  386  
475  385  
469  385  
466  381  
465  381  
464  379  
460  378  
456  376  
456  373  
455  371  
458  370  
458  369  
456  367  
456  366  
457  365  
459  364  
460  363  
457  360  
457  359  
458  357  
459  356  
460  352  
466  349  
467  349  
468  350  
469  352  
472  352  
474  351  
474  350  
473  347  
473  343  
472  339  
472  331  
473  322  
473  316  
466  309  
463  308  
459  308  
454  311  
451  319  
448  321  
442  327  
441  330  
433  326  
430  325  
428  324  
424  316  
423  308  
422  306  
418  302  
418  298  
417  288  
417  283  
418  280  
419  269  
420  266  
420  264  
419  257  
418  255  
416  252  
415  250  
411  245  
411  244  
410  243  
400  243  
399  242  
400  238  
402  237  
407  236  
405  234  
404  234  
404  235  
401  235  
400  236  
399  234  
392  227  
388  225  
387  224  
389  223  
389  222  
388  222  
386  223  
385  225  
379  225  
375  227  
374  228  
370  240  
362  240  
359  239  
353  238  
350  237  
348  236  
345  234  
342  233  
340  233  
338  232  
334  228  
334  227  
330  225  
318  222  
317  222  
313  221  
306  219  
305  217  
303  214  
301  210  
301  206  
300  206  
298  208  
292  211  
294  212  
295  212  
298  210  
299  210  
300  212  
300  213  
296  213  
294  214  
290  214  
290  213  
289  213  
287  215  
287  219  
286  221  
286  223  
281  223  
278  227  
276  229  
274  232  
273  233  
271  232  
270  232  
265  233  
265  232  
264  230  
260  230  
259  229  
258  227  
258  226  
257  226  
256  228  
250  228  
249  227  
245  221  
244  221  
243  222  
241  223  
240  224  
238  225  
236  224  
236  223  
232  223  
233  224  
233  225  
232  227  
234  229  
237  231  
238  232  
238  236  
232  236  
227  240  
225  239  
223  237  
223  242  
218  242  
218  243  
221  246  
221  251  
215  254  
212  254  
212  255  
216  259  
216  260  
214  260  
213  261  
214  263  
214  264  
216  266  
216  268  
220  272  
219  272  
218  271  
218  273  
219  274  
217  275  
218  276  
221  277  
221  279  
219  281  
225  281  
227  283  
225  285  
227  286  
231  286  
232  289  
232  293  
236  297  
237  297  
238  296  
238  294  
242  295  
244  298  
245  301  
244  302  
238  303  
236  305  
235  309  
234  309  
234  310  
235  311  
236  316  
239  322  
242  326  
242  337  
243  339  
239  337  
235  337  
231  333  
227  328  
226  327  
224  326  
210  326  
206  323  
203  319  
203  318  
204  315  
205  313  
205  312  
202  314  
202  313  
204  311  
202  311  
200  312  
199  309  
197  299  
198  297  
197  296  
197  292  
199  290  
197  288  
194  282  
194  281  
196  282  
197  282  
199  278  
200  277  
199  274  
199  273  
201  271  
201  266  
200  267  
200  261  
199  264  
198  264  
195  262  
195  260  
199  260  
199  259  
198  258  
194  258  
193  257  
193  256  
195  256  
197  255  
198  254  
199  257  
204  246  
204  245  
202  244  
198  243  
196  242  
199  241  
202  241  
202  240  
200  238  
200  237  
202  234  
201  232  
199  232  
200  229  
202  228  
205  227  
207  225  
209  221  
210  218  
213  216  
214  215  
214  214  
213  214  
211  215  
209  217  
205  225  
202  226  
197  226  
195  227  
194  228  
193  227  
191  224  
191  217  
190  216  
189  213  
189  218  
187  220  
186  220  
186  216  
185  215  
184  215  
185  217  
185  218  
181  224  
180  225  
171  226  
167  227  
166  227  
167  226  
166  224  
166  223  
163  220  
163  218  
165  217  
164  216  
164  215  
166  216  
166  215  
165  214  
163  214  
160  217  
159  220  
158  221  
146  222  
136  222  
144  224  
136  225  
135  225  
129  224  
128  224  
128  223  
124  221  
124  214  
125  208  
127  206  
127  204  
124  202  
124  198  
125  197  
124  196
